train/images/1.jpg
1
39.284331	23.721327	88.000000	135.915360
train/images/2.jpg
4
107.912089	129.898400	62.372022	89.263200
186.266100	61.768245	64.831800	106.847910
298.909724	34.289100	73.830894	105.977200
135.454600	-63.205613	109.739600	176.375026
train/images/3.jpg
2
136.462492	18.762699	121.522126	187.348778
333.601798	18.139177	104.944018	155.239682
train/images/4.jpg
1
133.293823	140.749317	82.940716	125.467210
train/images/5.jpg
1
99.701600	59.430900	109.066200	160.651800
train/images/6.jpg
1
35.877519	30.428719	216.644600	333.897480
train/images/7.jpg
1
93.825500	25.792900	106.619000	177.761400
train/images/8.jpg
1
110.217921	56.209160	104.613818	161.587116
train/images/9.jpg
2
117.247319	199.678400	72.219800	94.472400
228.208950	274.004435	44.874396	59.031580
train/images/10.jpg
1
101.374164	35.880945	131.530436	220.372138
train/images/11.jpg
3
31.433196	19.634218	90.415334	144.913118
187.755062	14.567748	83.278398	140.649838
318.354163	18.286663	84.406916	121.059370
train/images/12.jpg
1
10.086410	22.016771	304.682590	425.136690
train/images/13.jpg
1
151.350200	37.239600	96.628000	154.228400
train/images/14.jpg
1
103.648716	18.651341	69.950950	113.342990
train/images/15.jpg
1
13.105733	18.316735	242.897094	395.648016
train/images/16.jpg
2
156.087000	2.720400	128.577000	194.858800
84.315905	57.384052	96.049728	141.331800
train/images/17.jpg
2
149.058100	8.815900	81.415600	121.423400
86.985600	-32.277100	52.571200	81.333800
train/images/18.jpg
1
75.918800	68.320700	188.951800	274.188000
train/images/19.jpg
1
181.327693	33.988123	125.786342	180.537692
train/images/20.jpg
1
217.816279	16.435907	133.287044	202.000000
train/images/21.jpg
3
48.772300	73.838301	105.890400	145.850598
165.711300	16.575500	101.232400	162.323800
281.725000	94.376100	107.206000	163.503000
train/images/22.jpg
1
67.677044	80.597647	183.780316	282.748220
train/images/23.jpg
2
58.837309	8.861600	137.281800	230.297800
192.585400	68.454800	133.487800	200.364600
train/images/24.jpg
3
33.715628	-2.845594	81.503400	128.741416
173.516483	50.230484	74.000000	115.367236
324.774800	132.026393	72.920000	110.034020
train/images/25.jpg
5
55.074689	38.870200	84.434400	128.094000
20.166300	30.340500	63.429400	101.157000
168.986900	28.178900	23.284400	33.520800
249.825991	83.010000	77.456800	111.977600
364.705200	59.530300	52.708000	69.337000
train/images/26.jpg
2
23.088948	8.434662	218.272252	327.491484
107.484833	137.544785	193.387554	268.392678
train/images/27.jpg
1
170.157317	23.753725	105.241244	183.230150
train/images/28.jpg
1
119.372575	18.907840	90.884954	150.833238
train/images/29.jpg
1
57.833708	28.948267	162.000000	226.604120
train/images/30.jpg
3
117.761823	11.291624	88.000000	147.186578
214.469162	63.886563	38.000000	58.000000
33.792400	86.410800	56.000000	82.000000
train/images/31.jpg
2
210.883081	45.692400	123.055028	180.000000
299.895100	147.271600	135.563000	162.000000
train/images/32.jpg
1
66.971339	73.654416	134.486050	218.525264
train/images/33.jpg
1
126.456500	56.093500	121.385400	187.046000
train/images/34.jpg
1
21.005100	37.795700	209.878200	280.888600
train/images/35.jpg
3
109.162172	1.277314	119.260044	205.281860
300.039380	108.684057	45.680900	68.026796
359.463823	117.849338	51.268686	82.432606
train/images/36.jpg
5
2.385985	147.634883	83.123266	117.396538
-0.757353	234.504058	23.033396	30.646088
174.244044	192.474200	68.189208	102.692740
335.042099	126.769009	76.077412	121.278634
288.405680	161.298799	53.215754	77.595498
train/images/37.jpg
2
68.692700	55.115900	71.342000	102.000000
252.648600	46.666968	88.312400	130.000000
train/images/38.jpg
8
169.702100	90.040300	82.830800	122.897200
-1.583639	167.931100	39.999962	61.770600
3.448271	85.033151	33.999968	48.942120
10.009190	130.812573	33.999968	49.998702
110.794908	71.714431	37.680932	50.841884
213.947442	49.483340	40.105116	57.033320
330.773657	201.505358	33.999968	50.727178
240.897875	191.543190	30.863850	49.032020
train/images/39.jpg
2
139.606825	53.416708	87.084130	145.938302
-4.817234	210.706569	40.650340	70.183498
train/images/40.jpg
1
76.717792	144.880071	188.026528	278.842630
train/images/41.jpg
2
133.421100	21.124300	84.897400	139.686000
283.619600	30.503700	80.687400	141.725800
train/images/42.jpg
5
96.814954	12.637954	85.198424	143.929582
218.198148	121.694147	48.065576	69.179606
332.234963	116.818271	49.638768	67.772152
404.751188	100.426963	47.760604	63.561484
184.179218	119.126044	38.615108	53.345794
train/images/43.jpg
1
227.349012	25.944719	73.019342	126.091718
train/images/44.jpg
1
146.567700	12.290600	110.107400	191.980800
train/images/45.jpg
1
60.557800	19.289000	171.697200	238.000000
train/images/46.jpg
5
-0.992468	-0.953000	73.916146	111.602814
105.159242	109.271640	32.622140	40.995782
241.405087	59.600145	31.898902	44.836878
271.951419	85.470744	24.527146	36.136304
299.879454	69.714272	40.533978	53.202656
train/images/47.jpg
1
132.720793	100.305839	57.922332	80.751204
train/images/48.jpg
1
221.607121	21.923800	68.120358	115.151800
train/images/49.jpg
9
21.470064	12.704329	75.439976	126.151878
209.897883	12.077414	79.818000	125.528728
268.095134	26.237196	67.731576	106.391278
384.404086	95.562534	70.619166	118.580512
354.618101	-19.555489	59.938472	83.170068
63.210541	-31.923776	68.308486	94.382736
-8.970396	-9.403438	40.498720	56.907846
131.207303	1.945169	50.193322	70.142700
406.387956	3.659097	44.256842	65.723552
train/images/50.jpg
4
34.147400	15.636293	98.626400	143.846014
120.692951	18.885600	81.046716	117.901800
251.211428	44.645953	61.396526	95.061066
320.653782	25.762400	96.500000	147.440000
train/images/51.jpg
1
102.819622	37.739485	106.301882	159.532234
train/images/52.jpg
1
65.537715	51.114972	205.243040	328.163106
train/images/53.jpg
2
46.904900	55.762100	109.203800	165.805600
224.653200	40.567500	110.585200	177.682000
train/images/54.jpg
1
76.931779	14.388349	92.165786	136.158502
train/images/55.jpg
1
106.695500	10.689800	82.578200	123.089200
train/images/56.jpg
1
83.642571	94.023694	98.295012	146.830946
train/images/57.jpg
1
71.904356	24.007217	237.209500	353.820514
train/images/58.jpg
1
78.436017	56.821076	150.673984	248.625642
train/images/59.jpg
1
125.158367	43.593629	116.842222	178.385708
train/images/60.jpg
1
163.895846	36.583860	106.592054	168.671762
train/images/61.jpg
1
127.518700	23.374700	64.985000	102.124400
train/images/62.jpg
3
108.363594	80.010570	58.989998	95.846304
193.656285	12.980217	77.717814	110.431508
255.963099	71.306656	63.218048	96.281368
train/images/63.jpg
1
131.992100	26.172000	99.798600	173.158000
train/images/64.jpg
1
70.849444	65.584235	170.505062	267.294876
train/images/65.jpg
2
73.914240	-32.275233	94.066006	155.148374
94.239130	231.358277	124.037440	172.021048
train/images/66.jpg
1
125.311671	20.111428	124.000000	162.086000
train/images/67.jpg
2
39.579623	45.537630	102.933072	143.447278
279.493183	45.197448	114.171382	151.363426
train/images/68.jpg
5
-0.731390	99.487518	30.727662	50.075868
58.082297	19.347091	88.968618	136.623350
165.198125	61.632013	52.483724	76.830440
235.950914	61.578381	61.817400	104.197838
333.468119	66.197915	81.238632	119.748672
train/images/69.jpg
2
82.104889	8.862618	83.670152	117.468632
243.359958	28.327969	75.129126	99.738728
train/images/70.jpg
1
54.746842	23.325356	126.861028	241.069948
train/images/71.jpg
1
96.914100	21.269800	161.459600	267.457800
train/images/72.jpg
1
49.339846	44.127300	199.801400	298.938800
train/images/73.jpg
3
109.937184	47.472569	91.861002	123.271454
169.977970	70.472630	69.433504	102.257912
241.592490	16.101056	88.323716	131.666982
train/images/74.jpg
3
52.681800	83.305200	66.458400	99.744000
169.722400	58.184900	58.586000	98.326400
321.684300	74.694800	63.734600	95.932800
train/images/75.jpg
2
48.882800	108.213026	56.925000	89.549548
291.531028	73.270624	64.777254	94.590844
train/images/76.jpg
2
80.856891	53.320656	69.495536	115.543634
287.350568	283.275547	53.944826	82.020334
train/images/77.jpg
1
176.590615	11.348879	140.819526	205.340642
train/images/78.jpg
1
78.323866	26.033060	272.978200	394.808148
train/images/79.jpg
1
105.404748	15.172462	63.943984	105.550898
train/images/80.jpg
1
48.472072	24.602563	216.136158	339.550670
train/images/81.jpg
1
48.297866	7.838553	216.049366	342.798030
train/images/82.jpg
1
89.052638	31.504729	166.169212	246.702852
train/images/83.jpg
1
108.052400	59.399300	85.888800	114.262200
train/images/84.jpg
1
96.732266	27.078382	244.162986	313.607426
train/images/85.jpg
1
275.281595	11.681860	76.090440	107.149116
train/images/86.jpg
2
241.521847	18.535484	125.972300	180.834374
52.370108	85.020401	119.788306	179.302402
train/images/87.jpg
9
57.039700	89.850000	66.422800	99.757600
128.259100	135.939400	39.271200	44.073800
180.749700	151.918200	56.300800	88.177200
216.861800	121.134600	39.909000	53.608400
259.032700	105.626300	51.145000	70.874600
357.057300	159.191600	43.543600	62.936200
401.188800	152.081000	34.749800	51.102400
404.598100	120.916300	32.904800	42.975400
312.494100	250.875200	82.485000	109.754800
train/images/88.jpg
1
121.547400	29.840309	119.546192	176.069616
train/images/89.jpg
1
68.839200	38.364000	81.095200	124.428000
train/images/90.jpg
1
50.883500	23.744900	170.499600	244.059400
train/images/91.jpg
1
42.724700	15.889800	281.214600	402.972800
train/images/92.jpg
1
205.165800	21.236700	72.411000	99.020800
train/images/93.jpg
2
46.814601	209.293404	129.922306	191.353104
44.623197	22.480162	170.621980	250.753856
train/images/94.jpg
2
118.678600	20.993700	110.851000	184.071800
69.816500	335.111300	31.997000	48.792800
train/images/95.jpg
1
88.516568	100.305563	70.639264	106.413954
train/images/96.jpg
2
60.677400	-0.081900	136.127000	204.555600
271.181500	49.741400	109.922800	153.017200
train/images/97.jpg
1
110.106369	26.537399	139.003552	224.346002
train/images/98.jpg
1
245.803700	162.227471	68.248400	105.003046
train/images/99.jpg
2
82.819500	43.134000	101.789600	136.541600
272.116500	76.349200	87.083200	132.663600
train/images/100.jpg
1
88.033261	24.834500	85.059984	138.040866
train/images/101.jpg
1
159.097400	9.963700	105.215800	175.614400
train/images/102.jpg
1
40.163743	55.919808	211.351340	308.236636
train/images/103.jpg
6
22.379384	182.075308	80.147104	109.310308
2.456800	108.938197	44.896736	70.421134
81.639663	18.282194	33.533974	54.050700
175.557923	79.752506	50.115200	73.523268
330.560503	28.670767	42.251768	59.381112
409.055182	21.800559	27.480486	39.519592
train/images/104.jpg
2
56.149110	239.150578	56.823860	85.271412
189.020586	21.504315	84.098156	147.562196
train/images/105.jpg
3
108.691156	94.723700	98.000000	135.989600
167.533539	39.609400	104.000000	172.786800
-13.737588	60.685441	92.000000	145.592142
train/images/106.jpg
2
49.095421	59.812045	94.333270	142.466536
312.371074	32.197205	118.245486	182.683110
train/images/107.jpg
2
84.273172	29.776321	95.274750	149.342100
239.286916	28.174414	76.241426	116.052024
train/images/108.jpg
1
90.147200	-85.323400	241.721800	396.969400
train/images/109.jpg
2
91.468700	9.027200	63.036400	101.509400
195.323400	24.884100	31.185200	48.828000
train/images/110.jpg
1
204.299983	30.700302	119.035122	186.566318
train/images/111.jpg
4
59.252300	12.915700	69.384800	115.564000
177.571500	52.671496	81.796400	113.922408
312.172200	31.217900	77.776000	115.758800
154.073100	52.339100	77.235200	119.982600
train/images/112.jpg
2
90.705800	154.188700	74.957600	106.135200
204.434700	97.555800	86.151000	113.669400
train/images/113.jpg
1
60.397688	48.991032	156.874774	259.286590
train/images/114.jpg
2
94.519055	11.924958	121.129392	181.260030
236.508520	19.892174	115.255372	171.996556
train/images/115.jpg
2
237.108689	53.305471	125.997674	195.083990
75.522297	34.707101	134.754478	198.027726
train/images/116.jpg
5
144.438338	164.602400	95.413086	139.454800
15.419946	15.705082	107.374392	137.161264
117.484895	78.779889	93.006400	116.368792
206.635905	141.499778	91.880428	136.248206
332.236100	129.085300	104.635600	149.712800
train/images/117.jpg
2
36.980900	29.524200	107.016200	147.389200
177.940400	55.364800	116.514400	169.675600
train/images/118.jpg
1
88.702699	28.842293	160.465494	264.616754
train/images/119.jpg
2
163.570523	15.749550	113.227390	196.866246
245.336938	49.288188	139.253224	215.183654
train/images/120.jpg
2
78.455523	44.310929	207.944508	282.397708
213.945220	18.073424	170.801782	254.402620
train/images/121.jpg
1
86.828715	10.663204	60.606176	91.276122
train/images/122.jpg
2
52.623901	84.689269	65.202704	92.725388
230.772919	21.882018	75.699386	106.562142
train/images/123.jpg
1
213.124408	35.797700	66.024200	101.546600
train/images/124.jpg
1
98.518662	21.523583	89.026192	125.353008
train/images/125.jpg
1
178.646000	16.352300	83.455000	136.283400
train/images/126.jpg
2
34.343172	29.795118	142.121210	186.738768
79.396086	217.677866	115.034974	166.372662
train/images/127.jpg
1
77.536647	14.233283	178.000000	290.000000
train/images/128.jpg
1
43.563212	144.939742	201.373504	282.530490
train/images/129.jpg
2
192.677393	43.365298	112.557942	175.758042
47.276477	201.989087	132.531020	169.027144
train/images/130.jpg
1
144.547700	14.444800	108.000000	156.160400
train/images/131.jpg
2
81.898400	33.127200	148.845800	246.450200
212.787900	107.412000	64.742600	89.488400
train/images/132.jpg
3
13.010085	16.481899	72.107622	121.596436
88.458449	109.479793	89.148918	124.712256
134.842853	41.796067	92.150136	138.447410
train/images/133.jpg
1
105.664000	17.706100	110.742000	199.167000
train/images/134.jpg
2
62.232139	5.192292	180.965692	283.243914
266.959331	21.092620	162.092898	259.690114
train/images/135.jpg
2
65.838209	119.659700	126.751982	186.992800
6.152700	24.401400	57.350000	88.243000
train/images/136.jpg
1
119.378109	19.924562	100.000000	135.894422
train/images/137.jpg
2
21.764700	12.745800	156.000000	207.386600
175.217700	51.117300	116.000000	159.631800
train/images/138.jpg
2
176.845973	21.840227	103.268286	146.347226
118.558036	-6.308547	83.679012	112.716918
train/images/139.jpg
3
29.605100	184.260700	14.000000	19.128400
198.124500	70.887100	62.202400	87.723800
98.159500	173.583641	12.000000	16.537000
train/images/140.jpg
1
64.415075	50.933965	137.284314	204.942440
train/images/141.jpg
1
85.648000	14.502000	79.424400	130.929600
train/images/142.jpg
2
45.565300	49.710554	63.849200	85.669292
158.138225	39.822274	67.106950	99.052652
train/images/143.jpg
1
265.186111	14.655910	73.180006	129.443402
train/images/144.jpg
1
77.195269	45.319180	142.514336	201.586886
train/images/145.jpg
1
171.561309	55.175645	79.963096	128.012108
train/images/146.jpg
1
191.329598	20.375100	142.269000	199.951400
train/images/147.jpg
1
79.103409	27.306686	199.840488	295.724564
train/images/148.jpg
1
129.795434	68.660059	123.068878	186.586366
train/images/149.jpg
2
118.810767	65.080129	141.627494	190.026498
133.534132	282.250756	139.820624	189.276264
train/images/150.jpg
1
71.557832	35.391379	168.011800	279.230224
train/images/151.jpg
1
95.935820	22.107774	165.112940	268.952724
train/images/152.jpg
1
88.372600	34.389700	107.401200	172.869200
train/images/153.jpg
1
166.484000	7.680700	65.662000	96.362800
train/images/154.jpg
1
50.270052	33.153848	248.673538	333.500540
train/images/155.jpg
1
112.433451	11.955706	155.399490	228.142518
train/images/156.jpg
1
64.089800	23.011800	58.837400	85.492800
train/images/157.jpg
1
241.365542	19.791054	78.955280	136.025846
train/images/158.jpg
2
46.960261	4.837671	122.337010	174.833042
207.564127	15.869643	104.683854	147.516402
train/images/159.jpg
1
79.585974	12.287042	132.488104	201.586932
train/images/160.jpg
1
98.178653	23.954727	70.300000	108.328860
train/images/161.jpg
3
166.189596	33.185885	99.635958	151.255754
15.012863	13.367273	51.724274	81.157120
67.018025	-4.764540	14.311776	25.181252
train/images/162.jpg
1
119.050205	98.158307	99.562038	147.066934
train/images/163.jpg
4
11.770364	210.332039	35.815124	55.664280
64.646549	157.107385	33.527110	43.910044
204.346697	177.851277	27.858986	41.992684
123.461397	99.727942	75.961982	132.180832
train/images/164.jpg
1
64.732600	45.898400	178.000000	278.000000
train/images/165.jpg
1
107.978300	11.419500	93.478800	148.373800
train/images/166.jpg
4
29.121991	124.360356	104.117586	141.357952
218.539562	102.742726	98.517884	144.346432
6.448040	-3.122655	82.962200	115.968160
101.223741	58.051534	92.426780	161.702868
train/images/167.jpg
1
162.116923	22.358440	91.689420	137.494222
train/images/168.jpg
7
26.449456	4.699186	57.761554	84.761164
182.168408	22.303121	64.843582	91.949474
339.595683	9.304558	65.245386	93.409424
395.875184	157.540042	56.267476	87.796980
299.273550	28.745308	59.044532	79.401048
253.760762	-6.577747	49.089868	71.612520
390.113197	-1.386263	42.323288	60.394090
train/images/169.jpg
1
43.450300	1.419479	248.946200	373.061042
train/images/170.jpg
2
38.566020	147.230132	147.884108	193.304080
159.907022	8.378460	177.733372	238.491712
train/images/171.jpg
1
175.647000	20.536275	97.728800	158.858050
train/images/172.jpg
1
105.923800	18.868200	101.529200	157.741400
train/images/173.jpg
5
36.687400	12.785800	92.468200	137.984000
147.435800	12.579200	69.297000	95.227200
217.500000	46.038400	66.000000	83.923200
277.648100	85.346000	64.402400	87.472400
363.508101	70.614300	64.383398	96.762000
train/images/174.jpg
2
120.233839	23.712300	88.740000	139.719400
250.102100	66.140900	70.535600	103.602000
train/images/175.jpg
7
-14.350300	97.223400	81.200800	108.944200
123.713100	124.676316	75.483800	117.239168
156.380600	76.002900	59.459800	84.022000
45.510100	66.342438	54.380400	73.196124
-9.706100	34.900800	65.638000	95.937800
194.372100	108.835970	64.773000	89.570800
97.267500	140.139800	65.188200	90.979000
train/images/176.jpg
1
89.642938	42.297844	92.005468	139.513796
train/images/177.jpg
1
89.748000	53.174900	116.833800	178.541200
train/images/178.jpg
2
70.376063	52.843938	66.112334	110.024396
258.674902	10.192793	73.250656	118.885852
train/images/179.jpg
1
62.968002	9.358707	182.691400	249.129392
train/images/180.jpg
2
234.992939	123.574951	91.661498	146.578150
65.771018	-30.954006	68.000000	92.000000
train/images/181.jpg
2
44.677800	-36.130800	75.053600	114.532600
149.446996	12.657346	82.492934	119.217200
train/images/182.jpg
2
96.056235	84.931507	66.917232	100.114432
209.291378	39.128214	141.570902	223.575304
train/images/183.jpg
1
80.352196	34.937113	103.999408	159.475022
train/images/184.jpg
3
54.934580	30.591994	143.743600	194.076642
223.060538	70.076446	83.394778	126.346870
35.726102	57.778677	52.000000	82.727572
train/images/185.jpg
4
-1.719300	67.534300	70.525600	113.251800
60.081600	44.866500	63.375000	92.001800
165.392300	14.270500	76.645000	114.425600
377.823500	1.188800	61.080400	97.812400
train/images/186.jpg
1
216.476551	92.239884	134.738422	175.855504
train/images/187.jpg
1
120.864399	28.438400	119.135466	182.000000
train/images/188.jpg
1
77.594788	110.631347	107.905730	159.753080
train/images/189.jpg
1
173.550000	4.415878	108.596800	165.068874
train/images/190.jpg
2
96.624700	33.028756	132.000000	201.732288
255.557505	39.146602	107.327000	176.750306
train/images/191.jpg
1
242.649995	23.351548	98.883772	165.304852
train/images/192.jpg
3
123.419100	51.790500	76.288200	96.457000
333.128300	59.866100	71.290200	107.019600
394.715500	123.662900	58.079200	83.376200
train/images/193.jpg
1
146.529900	16.543500	101.159600	162.104000
train/images/194.jpg
2
71.383830	15.388700	198.298200	271.696600
326.447218	39.729507	85.172200	131.440802
train/images/195.jpg
3
54.081079	-32.020351	52.376000	74.000000
164.942335	-20.595800	47.580530	68.000000
124.982100	27.827400	63.643400	108.000000
train/images/196.jpg
4
88.548300	36.864100	161.907000	228.972800
259.139300	16.533200	101.718600	143.906800
235.386700	68.657400	65.757400	100.892800
1.884000	147.407600	47.573600	73.451400
train/images/197.jpg
1
252.944100	37.501500	98.370800	146.155000
train/images/198.jpg
2
59.881601	30.196300	65.124798	95.598600
276.917800	14.809700	69.759200	109.654600
train/images/199.jpg
1
158.927500	15.587400	93.221400	139.835800
train/images/200.jpg
1
137.215100	13.994300	98.941600	148.967400
train/images/201.jpg
2
94.159800	49.416600	146.641600	175.009600
173.633500	311.030500	76.563600	120.615600
train/images/202.jpg
2
291.616631	27.693425	124.021692	181.949016
115.093466	118.865618	53.225520	81.174738
train/images/203.jpg
2
38.230800	132.236110	96.212800	125.002980
275.953600	33.692524	99.399400	133.172752
train/images/204.jpg
1
234.036602	120.118659	58.601786	82.585328
train/images/205.jpg
2
156.694534	111.046916	165.074422	272.286060
-13.052208	-6.099949	197.062550	296.720970
train/images/206.jpg
2
114.642082	15.807114	74.025946	111.158924
82.441212	29.969589	60.347176	98.387196
train/images/207.jpg
3
132.485500	17.533278	84.049000	127.653444
196.998600	34.222500	70.172000	104.707600
320.269676	48.442050	72.084464	101.552174
train/images/208.jpg
1
62.935445	12.485395	122.507030	195.397802
train/images/209.jpg
1
61.479000	15.554600	220.865200	328.748400
train/images/210.jpg
3
56.627100	34.036000	63.942000	108.000000
197.530186	27.016200	66.294996	100.000000
377.518610	49.557300	56.669000	98.000000
train/images/211.jpg
1
121.060331	31.765043	79.290192	115.211032
train/images/212.jpg
2
238.096554	15.977040	156.595350	241.629624
-42.700154	107.492130	125.466860	197.346780
train/images/213.jpg
1
132.333512	43.019515	94.765328	158.723906
train/images/214.jpg
1
99.170557	29.185817	97.795332	145.953320
train/images/215.jpg
1
87.769787	44.943491	140.198102	234.909818
train/images/216.jpg
6
47.840805	61.680100	34.546800	55.764000
155.627975	35.193700	69.928000	104.779400
222.022000	96.367700	17.646400	24.971000
257.561900	42.582300	45.457200	71.120800
333.272484	74.072100	37.175400	53.927400
378.116900	15.632600	78.469000	120.634600
train/images/217.jpg
2
40.489110	44.376501	160.866696	245.257768
251.617016	35.911331	155.996116	239.633248
train/images/218.jpg
1
104.346083	9.398006	77.914488	122.687934
train/images/219.jpg
4
132.093900	24.111800	65.217400	92.964600
250.604700	14.814600	76.520000	113.675000
336.371200	67.656700	52.099800	71.871000
38.551600	174.743800	29.423600	46.476400
train/images/220.jpg
1
285.929503	54.443492	77.715200	128.184312
train/images/221.jpg
1
136.190842	13.107713	125.260776	198.006008
train/images/222.jpg
3
68.829446	44.663972	153.692014	223.139074
214.756297	32.997268	150.881508	209.257348
330.708982	35.142569	127.474502	186.705846
train/images/223.jpg
1
101.305021	30.439800	240.000000	300.813600
train/images/224.jpg
1
69.815300	28.132700	163.957200	245.015600
train/images/225.jpg
1
58.743861	42.266598	162.673082	267.270824
train/images/226.jpg
4
67.390500	99.650724	103.260800	133.557000
62.189360	-4.987796	86.332600	137.946906
170.697400	14.486482	89.139600	138.154400
344.552200	10.962129	88.352400	126.963052
train/images/227.jpg
2
163.035764	-24.613769	72.191476	101.276208
207.790453	88.222733	71.005268	96.217562
train/images/228.jpg
1
122.005972	179.756682	81.902704	121.802540
train/images/229.jpg
2
35.701700	16.498600	152.997000	246.621600
217.832100	-29.908300	209.458400	316.010400
train/images/230.jpg
2
79.418782	21.898344	104.518906	178.358824
210.139700	68.303000	110.000000	166.184200
train/images/231.jpg
8
108.054548	1.147999	43.919776	87.520400
79.944325	164.576449	56.041000	99.202902
72.289006	325.743116	37.623558	79.866518
214.209805	155.436473	46.556444	83.519654
184.799926	335.753700	49.812596	90.370600
232.282504	-4.418083	43.273414	78.666706
274.565958	134.409334	106.089684	161.983468
347.769121	-8.156616	52.145538	96.771950
train/images/232.jpg
1
92.328117	286.766497	99.043782	112.175124
train/images/233.jpg
3
51.103400	26.900200	64.000000	92.802200
197.621654	41.316684	61.930400	95.153230
348.017615	32.233800	62.542692	96.498600
train/images/234.jpg
1
178.727800	15.137800	132.142400	187.716200
train/images/235.jpg
1
197.766008	13.449746	108.533162	160.093028
train/images/236.jpg
6
4.496000	96.612500	33.293800	49.893600
112.169200	8.059700	62.504600	102.682000
167.582700	68.831600	38.202400	52.889000
238.341700	36.658300	71.716800	108.224000
348.327900	98.046563	39.031200	53.549274
386.380600	109.243100	22.168600	33.373400
train/images/237.jpg
1
91.716763	49.584474	150.141662	202.864622
train/images/238.jpg
1
56.126927	25.590816	184.177294	268.888416
train/images/239.jpg
1
97.207748	25.061419	71.164332	107.771520
train/images/240.jpg
1
54.100912	53.484322	221.195534	343.019308
train/images/241.jpg
1
205.933647	24.520743	182.626024	283.259666
train/images/242.jpg
2
68.791344	69.520092	95.674778	157.070820
231.303828	17.404682	82.503404	134.352748
train/images/243.jpg
1
48.941000	22.506785	257.668200	363.508230
train/images/244.jpg
1
163.092791	75.333000	84.000000	119.397200
train/images/245.jpg
5
171.294600	31.519200	86.725200	137.174000
15.242589	172.716300	33.942822	50.412400
283.716000	87.575000	77.838600	111.580200
391.089100	87.957200	46.628000	68.752600
30.651200	126.558100	29.865400	44.045000
train/images/246.jpg
1
131.620598	24.481405	87.163674	145.917982
train/images/247.jpg
2
70.195357	50.783230	56.000000	67.621160
260.021129	51.366836	62.000000	84.624312
train/images/248.jpg
1
240.658269	38.377085	95.033780	147.729906
train/images/249.jpg
1
71.998408	26.617800	92.098086	148.192800
train/images/250.jpg
1
128.854852	60.017245	135.433016	210.503504
train/images/251.jpg
1
188.587100	20.042400	96.364000	174.067200
train/images/252.jpg
13
-3.794800	47.793900	60.552400	95.279400
49.818800	163.330400	64.275800	95.222600
140.229200	148.948500	69.541600	109.734400
209.622100	231.459300	57.885800	84.753800
246.421900	127.646900	58.083800	91.055800
213.697800	105.996800	56.161600	89.507600
99.166900	67.829300	47.336600	70.652200
58.203100	50.401201	45.309800	64.274198
152.826300	61.740584	47.153400	70.101632
29.179100	-2.859500	27.596400	41.975000
239.390700	3.447100	30.351400	42.086200
-18.662500	176.026700	49.013400	91.204200
121.082500	41.104500	37.266000	52.794200
train/images/253.jpg
2
26.157135	119.059256	34.692822	47.536334
93.648438	23.703588	77.143776	111.802596
train/images/254.jpg
2
44.761700	35.441300	78.311800	129.031800
165.889800	95.439600	65.075000	115.654400
train/images/255.jpg
1
64.970965	25.160944	127.958202	201.460668
train/images/256.jpg
3
160.354069	60.153833	42.906374	66.218410
199.461312	43.524903	42.915790	62.174278
323.868014	39.731584	38.697388	63.013258
train/images/257.jpg
1
69.554300	53.757300	164.563000	249.448200
train/images/258.jpg
2
59.878400	25.173030	66.032400	83.174340
103.329800	143.983900	76.638800	107.832200
train/images/259.jpg
1
30.770416	32.073930	207.315200	351.984436
train/images/260.jpg
8
9.195345	21.316372	38.815966	63.944232
48.827169	8.646648	24.798888	38.258746
141.304739	2.755543	28.191396	40.186944
116.913189	58.971750	50.526116	83.891956
47.758754	142.246110	36.821012	53.085602
161.329039	171.113846	71.111292	117.978564
273.131709	32.531108	38.596504	69.978640
386.457197	-14.783074	33.772374	57.145914
train/images/261.jpg
1
104.452600	29.148200	155.599400	212.000000
train/images/262.jpg
3
167.454061	24.955355	78.000000	112.033702
-6.385715	55.117470	34.000000	52.907916
91.563855	14.130068	34.000000	44.674802
train/images/263.jpg
1
330.912259	6.568281	98.437666	165.896742
train/images/264.jpg
1
42.262786	27.010919	208.917596	323.467300
train/images/265.jpg
1
108.093000	49.784200	78.898800	134.899000
train/images/266.jpg
1
131.211300	15.681531	88.284600	115.936212
train/images/267.jpg
1
160.358729	27.101577	105.049208	150.737244
train/images/268.jpg
1
129.213900	15.023400	91.555400	144.779200
train/images/269.jpg
1
177.194695	9.104279	70.000000	104.000000
train/images/270.jpg
1
90.048254	51.411088	109.161172	188.977086
train/images/271.jpg
1
85.537710	42.080475	166.264084	279.251786
train/images/272.jpg
9
211.718854	81.806853	66.789254	103.778984
143.483339	27.902569	76.976934	109.153002
68.353684	10.030315	59.687490	98.797036
-21.590075	-10.949785	56.491716	95.297896
10.138098	-30.531964	60.569358	88.875504
103.255660	1.277866	63.910524	98.287146
238.070757	-23.952747	60.550094	77.448588
249.672586	16.589613	59.368024	92.466842
419.276683	137.468770	61.446634	114.803844
train/images/273.jpg
3
100.122568	41.155642	66.276264	114.894942
217.060311	51.076848	71.268482	103.743190
331.199416	51.076848	60.217898	87.023346
train/images/274.jpg
1
173.403661	78.059741	119.308256	196.570510
train/images/275.jpg
1
141.060905	40.113375	126.160962	182.500574
train/images/276.jpg
13
-1.271030	81.811211	87.772244	130.265380
84.828642	35.261468	44.279222	61.908372
148.355992	40.164487	50.802226	77.643462
272.727373	87.350633	110.585152	167.870816
233.289988	49.521458	32.222406	46.301670
282.077926	52.369982	33.529066	44.639478
275.659550	20.185066	27.006480	35.136328
311.025382	21.218547	21.387832	30.630156
325.333499	15.630075	33.147942	42.899442
371.909238	60.457825	68.625308	100.137164
364.689350	6.386353	22.396940	29.525370
390.256725	22.823230	26.144918	34.231824
334.462821	1.889972	20.512560	26.382976
train/images/277.jpg
1
57.189200	24.133926	119.936200	177.911548
train/images/278.jpg
1
153.505184	209.950020	90.722166	144.541896
train/images/279.jpg
1
106.755337	16.893203	173.717764	301.601206
train/images/280.jpg
1
211.684639	17.014314	115.037012	184.071040
train/images/281.jpg
3
159.879881	44.084809	121.082618	211.427566
307.278102	11.405296	123.749854	158.331570
27.479593	92.460213	104.281382	155.710654
train/images/282.jpg
1
191.339373	75.879499	103.219250	157.480766
train/images/283.jpg
2
49.830900	31.927700	168.000000	284.000000
258.930939	51.776900	130.000000	236.000000
train/images/284.jpg
1
87.195696	-32.096166	91.760724	142.000000
train/images/285.jpg
2
101.414400	-8.798600	83.570600	133.266600
294.161900	8.259100	109.782000	177.495800
train/images/286.jpg
2
149.445500	28.440306	109.534400	165.366400
365.312700	94.591625	20.784800	28.406492
train/images/287.jpg
1
57.087181	31.864404	186.066022	326.412386
train/images/288.jpg
1
168.530300	44.333500	89.795200	154.948800
train/images/289.jpg
2
15.817475	77.605380	155.132700	197.916326
197.436430	23.780037	124.500982	166.630726
train/images/290.jpg
4
135.435900	19.291300	85.199200	161.272200
-7.782300	31.300400	63.827800	101.283800
244.503500	73.202500	45.114400	71.949600
92.678600	68.807923	54.455200	79.313600
train/images/291.jpg
1
86.699500	29.968300	219.658400	302.248000
train/images/292.jpg
4
107.201892	42.761849	76.992458	112.001724
343.713245	64.374440	71.496068	102.597022
398.176539	-12.065499	66.733388	90.646034
203.056247	69.460261	48.060838	71.888366
train/images/293.jpg
1
305.239169	19.507756	71.555560	89.683034
train/images/294.jpg
4
11.969985	98.849353	102.663554	147.632430
137.049288	23.194575	78.029212	123.320696
292.474975	117.898465	62.968698	100.410284
370.272724	18.183359	61.649292	98.599850
train/images/295.jpg
1
122.957010	132.610933	73.346976	102.440636
train/images/296.jpg
5
78.951523	7.350890	77.502998	116.424192
-8.374322	14.679657	69.378568	101.139438
205.061571	129.887111	77.218034	106.611298
250.710927	24.908189	77.357376	114.073684
419.329458	-3.710291	61.341084	117.544228
train/images/297.jpg
1
47.951705	20.597819	173.687708	231.129800
train/images/298.jpg
1
120.034252	101.214315	98.309838	149.083986
train/images/299.jpg
1
90.995200	12.193000	125.356000	205.695400
train/images/300.jpg
2
186.611224	23.311684	140.960360	239.391228
60.449378	188.557574	169.872530	221.425844
